name = 201307112016
time = 2013-07-11 20:16:07.000
latitude = 47.808695
longitude = -70.077515
magnitude = 4
moment = 1.12202e+15
depth = 14900
--------------------------------------------
name = 201307112058
time = 2013-07-11 20:58:10.000
latitude = 47.796204
longitude = -70.046126
magnitude = 2.8
moment = 1.77828e+13
depth = 14400
--------------------------------------------
